32727924
32660385
32585947
32573682
32555716
32412847
32389308
32371596
32241854
32161129
32139564
32041249
31871487
31768192
31647694
31632357
31548684
31518652
31488541
31455637
31416856
31393667
31156574
31126947
31072892
30987585
30778188
30733435
30701257
30697917
30673440
30639767
30539259
30485448
30389707
30293061
30246146
30111619
30016947
30008702
29865244
29764946
29764372
29739910
29675967
29674435
29371508
29321239
29211832
29158416
29023459
28917057
28916147
28876195
28820125
28684563
28500048
28481340
28462022
28176784
28149701
30682305
27738200
27554660
27294409
27048799
27034999
26976598
26903035
26109355
25819009
25805857
25750214
25351875
25330340
25143134
24912000
24813190
24743168
24299411
24285193
24068976
23961317
23951101
23932404
23928422
23650365
23576519
23530226
23514374
23341551
23186325
22718849
22593224
22072962
22064857
21750257
21304167
21268975
20885784
20836076
20675579
20626842
20622885
20601044
20547848
20516208
20386741
20126439
19788875
19717792
19161465
19085333
18852473
18322534
18313909
18294377
18287711
17949488
17337636
17320905
17183716
17148473
17121679
17080091
17051209
16988423
16963629
16962256
16899494
16682456
16606443
16222245
16143628
16077014
15854223
15470254
15356276
14624247
12716998
12368254
12368253
11743579
